# # # 10 9.447 3.434 2.536 C4 13 56 30 00 00 03 61 3.599 2.494 01
# # # 10 9.387 3.381 2.526 C4 13 56 30 00 00 82 01 3.601 2.494 01
# # # 10 9.284 3.411 2.521 C4 13 56 30 00 00 E2 40 3.598 2.494 01
# # # 10 9.412 3.477 2.577 C4 13 56 30 00 00 A7 21 3.597 2.490 01
# # # 10 9.424 3.436 2.554 C4 13 56 30 00 00 65 20 3.596 2.492 01
# # # 10 9.289 3.437 2.535 C4 13 56 30 00 00 23 62 3.596 2.489 02
# # # 10 9.074 3.305 2.483 C4 03 56 30 00 00 5E E4 3.596 2.492 01
# # # 10 9.606 3.507 2.607 C4 13 56 30 00 00 68 23 3.596 2.492 01
# # # 10 9.520 3.479 2.589 C4 13 56 30 00 00 27 23 3.596 2.491 01
# # # 10 9.384 3.411 2.522 C4 13 56 30 00 00 82 40 3.595 2.493 02
# # # 10 9.483 3.482 2.577 C4 13 56 30 00 00 46 43 3.598 2.492 01
# # # 10 9.375 3.427 2.511 C4 13 56 30 00 00 61 81 3.592 2.491 02
# # # 10 9.338 3.428 2.539 C4 13 56 30 00 00 83 43 3.595 2.492 01
# # # 10 9.659 3.486 2.584 C4 13 56 30 00 00 E6 23 3.594 2.493 02
# # # 10 9.567 3.501 2.580 C4 13 56 30 00 00 27 60 3.599 2.494 01
# # # 10 9.711 3.543 2.626 C4 13 56 30 00 00 CA 3F 3.599 2.495 01
# # # 10 9.437 3.459 2.574 C4 13 56 30 00 00 46 22 3.596 2.492 01
# # # 10 9.335 3.423 2.525 C4 13 56 30 00 00 42 61 3.600 2.493 01
# # # 10 9.439 3.487 2.567 C4 13 56 30 00 00 66 7F 3.602 2.496 01
# # # 10 9.575 3.524 2.599 C4 13 56 30 00 00 C8 40 3.597 2.495 02
# # # 10 9.345 3.446 2.554 C4 13 56 30 00 00 E5 3F 3.602 2.495 01
# # # 10 9.732 3.538 2.592 C4 13 56 30 00 00 87 82 3.599 2.493 01
# # # 10 9.293 3.436 2.540 C4 13 56 30 00 00 44 5F 3.602 2.497 01
# # # 10 9.445 3.413 2.519 C4 13 56 30 00 00 22 7F 3.598 2.494 01
# # # 10 9.387 3.471 2.549 C4 13 56 30 00 00 24 82 3.598 2.493 01
# # # 10 9.397 3.411 2.524 C4 13 56 30 00 00 A2 40 3.600 2.493 02
# # # 10 9.493 3.500 2.572 C4 13 56 30 00 00 E6 61 3.598 2.494 01
# # # 10 9.472 3.481 2.567 C4 13 56 30 00 00 45 63 3.598 2.493 01
# # # 10 9.212 3.387 2.511 C4 13 56 30 00 00 41 41 3.598 2.494 01
# # # 10 9.472 3.467 2.547 C4 13 56 30 00 00 04 81 3.593 2.491 02
# # # 10 9.454 3.489 2.555 C4 13 56 30 00 00 85 81 3.593 2.491 02
# # # 10 9.334 3.436 2.521 C4 13 56 30 00 00 62 80 3.596 2.493 01
# # # 10 9.357 3.462 2.555 C4 13 56 30 00 00 C5 40 3.598 2.492 01
# # # 10 9.712 3.542 2.602 C4 13 56 30 00 00 E8 61 3.594 2.492 02
# # # 10 9.431 3.461 2.559 C4 13 56 30 00 00 85 41 3.599 2.493 01
# # # 10 9.451 3.421 2.542 C4 13 56 30 00 00 03 43 3.597 2.490 01
# # # 10 9.318 3.417 2.527 C4 13 56 30 00 00 C2 42 3.599 2.494 01
# # # 10 9.439 3.460 2.545 C4 13 56 30 00 00 E3 63 3.598 2.494 01
# # # 10 9.330 3.447 2.534 C4 13 56 30 00 00 E3 61 3.597 2.493 01
# # # 10 9.501 3.495 2.569 C4 13 56 30 00 00 C6 60 3.597 2.492 01
# # # 10 9.367 3.505 2.557 C4 13 56 30 00 00 45 A1 3.595 2.492 01
# # # 10 9.471 3.526 2.561 C4 13 56 30 00 00 25 C1 3.597 2.494 01
# # # 10 9.694 3.587 2.629 C4 13 56 30 00 00 2A 82 3.597 2.492 01
# # # 10 9.171 3.415 2.496 C4 13 56 30 00 00 7F A2 3.596 2.493 01
# # # 10 9.598 3.515 2.590 C4 13 56 30 00 00 27 62 3.596 2.494 02
# # # 10 9.322 3.458 2.514 C4 13 56 30 00 00 21 C1 3.596 2.493 01
# # # 10 9.399 3.441 2.564 C4 13 56 30 00 00 05 23 3.596 2.492 01
# # # 10 9.307 3.392 2.507 C4 13 56 30 00 00 00 62 3.600 2.492 02
# # # 10 9.408 3.456 2.580 C4 13 56 30 00 00 47 00 3.599 2.493 01
# # # 10 9.309 3.423 2.533 C4 13 56 30 00 00 A3 40 3.598 2.491 01
# # # 10 9.383 3.472 2.538 C4 13 56 30 00 00 C4 9F 3.596 2.494 02
# # # 10 9.289 3.409 2.507 C4 13 56 30 00 00 00 82 3.599 2.493 01
# # # 10 9.608 3.519 2.596 C4 13 56 30 00 00 E8 41 3.596 2.492 01
# # # 10 9.363 3.387 2.536 C4 13 56 30 00 00 03 01 3.596 2.492 01
# # # 10 9.236 3.408 2.511 C4 13 56 30 00 00 81 62 3.596 2.491 01
# # # 10 9.394 3.467 2.554 C4 13 56 30 00 00 84 62 3.600 2.493 01
# # # 10 9.247 3.378 2.530 C4 13 56 30 00 00 03 01 3.594 2.491 01
# # # 10 9.616 3.492 2.599 C4 13 56 30 00 00 28 20 3.593 2.493 02
# # # 10 9.566 3.474 2.589 C4 13 56 30 00 00 E7 02 3.597 2.491 01
# # # 10 9.620 3.482 2.579 C4 13 56 30 00 00 26 42 3.598 2.492 01
# # # 10 9.532 3.459 2.587 C4 13 56 30 00 00 07 02 3.596 2.491 01
# # # 10 9.511 3.428 2.579 C4 03 56 30 00 00 86 C2 3.598 2.494 01
# # # 10 9.260 3.349 2.509 C4 13 56 30 00 00 01 01 3.596 2.490 01
# # # 10 9.565 3.435 2.578 C4 03 56 30 00 00 E6 C2 3.600 2.491 02
# # # 10 9.277 3.374 2.523 C4 13 56 30 00 00 42 01 3.600 2.494 01
# # # 10 9.465 3.428 2.541 C4 13 56 30 00 00 43 42 3.599 2.492 01
# # # 10 9.344 3.403 2.548 C4 13 56 30 00 00 04 01 3.598 2.493 01
# # # 10 9.447 3.431 2.568 C4 03 56 30 00 00 26 E0 3.591 2.493 02
# # # 10 9.391 3.427 2.553 C4 13 56 30 00 00 24 23 3.597 2.492 01
# # # 10 9.572 3.461 2.586 C4 13 56 30 00 00 07 00 3.598 2.493 01
# # # 10 9.411 3.424 2.562 C4 13 56 30 00 00 05 03 3.597 2.491 01
# # # 10 9.371 3.397 2.530 C4 13 56 30 00 00 62 22 3.600 2.491 02
# # # 10 9.337 3.452 2.571 C4 13 56 30 00 00 E6 01 3.600 2.492 02
# # # 10 9.226 3.384 2.500 C4 13 56 30 00 00 5F 63 3.599 2.493 01
# # # 10 9.546 3.492 2.589 C4 13 56 30 00 00 07 42 3.596 2.492 01
# # # 10 9.287 3.375 2.483 C4 13 56 30 00 00 9D 86 3.595 2.492 01
# # # 10 9.508 3.436 2.558 C4 13 56 30 00 00 25 20 3.599 2.493 01
# # # 10 9.565 3.483 2.581 C4 13 56 30 00 00 46 43 3.598 2.491 01
# # # 10 9.562 3.506 2.571 C4 13 56 30 00 00 46 81 3.596 2.494 02
# # # 10 9.273 3.366 2.506 C4 13 56 30 00 00 A0 22 3.595 2.490 01
# # # 10 9.479 3.494 2.582 C4 13 56 30 00 00 87 40 3.599 2.493 01
# # # 10 9.556 3.524 2.593 C4 13 56 30 00 00 A7 63 3.597 2.490 01
# # # 10 9.513 3.511 2.594 C4 13 56 30 00 00 68 40 3.599 2.492 01
# # # 10 9.492 3.451 2.553 C4 13 56 30 00 00 C4 42 3.599 2.492 01
# # # 10 9.522 3.435 2.562 C4 13 56 30 00 00 C5 02 3.597 2.492 01
# # # 10 9.338 3.436 2.533 C4 13 56 30 00 00 63 60 3.597 2.493 01
# # # 10 9.147 3.382 2.510 C4 13 56 30 00 00 E1 21 3.591 2.490 02
# # # 10 9.256 3.381 2.499 C4 13 56 30 00 00 5F 63 3.596 2.492 01
# # # 10 9.193 3.349 2.482 C4 13 56 30 00 00 BE 42 3.596 2.494 02
# # # 10 9.644 3.551 2.595 C4 13 56 30 00 00 27 A3 3.597 2.492 01
# # # 10 9.544 3.488 2.594 C4 13 56 30 00 00 28 3F 3.598 2.495 01
# # # 10 9.367 3.417 2.539 C4 13 56 30 00 00 A3 22 3.596 2.490 01
# # # 10 9.506 3.492 2.566 C4 13 56 30 00 00 A6 7F 3.600 2.495 01
# # # 10 9.216 3.363 2.493 C4 13 56 30 00 00 BE 45 3.596 2.492 01
# # # 10 9.393 3.429 2.539 C4 13 56 30 00 00 83 42 3.598 2.494 01
# # # 10 9.334 3.427 2.541 C4 13 56 30 00 00 43 42 3.598 2.492 01
# # # 10 9.348 3.427 2.527 C4 13 56 30 00 00 62 62 3.598 2.492 01
# # # 10 9.437 3.391 2.527 C4 13 56 30 00 00 42 21 3.596 2.491 01